E:\CURPROJECT\SimsV3\venv\Scripts\python.exe E:/CURPROJECT/SimsV3/Simple_ManyWP_reproducability_test1.py
[ 4.37697666  0.92725573  3.51895211  2.90683475  3.03157838 -0.49679661
  2.47187965  0.41184259  3.1587123   2.72477152  2.12565288  2.14477945
 -1.04268697 -0.96334979 -0.53198621  2.72756962 -0.98162284  1.53871676
  2.18078765 -0.96114413] 0.0004459608841614188 True
[ 1.90799328 -1.57279653  0.98902386  0.7555416  -0.01584457 -3.12286153
  0.95418065 -2.23905962  0.19304251  0.50900805 -0.24873576 -0.57359835
 -2.66418608 -3.55882904 -3.13516625 -0.22256225 -2.86780986 -0.23900623
  0.0484961  -4.00083417] 0.0012153861304980758 True
[ 1.48768856 -1.98709361  1.0274083   0.43032406 -0.42883933 -3.64105618
  0.5691455  -2.99564123  0.2337942   0.17975301 -0.34465544 -0.33779418
 -3.78328942 -4.06732014 -3.67566044  0.03067527 -3.3199571  -0.77526373
 -0.51553385 -4.01533217] 0.00042350361868140113 True
[-0.07044077 -3.68942378 -0.39151785 -0.88070499 -1.65160464 -4.3172559
 -1.05228284 -4.06189025 -1.49232333 -1.60540807 -2.01073774 -1.95498263
 -5.32184727 -6.03302803 -5.03057442 -1.60157155 -3.92333563 -1.1313096
 -1.66174137 -4.18114214] 0.0005784425941087112 True
[-0.34488557 -3.53338082 -0.15118047 -1.10483903 -1.61840781 -4.68322812
 -1.68441995 -4.87100544 -1.23940867 -1.15235277 -1.92529414 -1.47917361
 -4.88690584 -6.03188457 -5.70781211 -2.34397523 -4.72210324 -1.95311924
 -2.07879694 -5.06036587] 0.0006438953648322624 True
[-1.76317888 -5.70101079 -2.5721504  -3.35706301 -2.80362998 -6.37298038
 -4.09335906 -7.06850841 -3.51300557 -3.53206482 -3.48714084 -2.83194592
 -6.93180251 -7.2584862  -7.68243049 -4.46927077 -6.89434512 -4.05748887
 -4.14730692 -6.96423772] 0.000609198783924195 True
[-2.48684506 -6.09512446 -3.55852569 -3.98348738 -3.87791867 -6.17092954
 -4.26009613 -7.46091487 -4.48072433 -4.26393677 -4.21700485 -4.32125746
 -7.72071211 -7.72619645 -8.93803929 -5.24260322 -8.11152182 -4.07188358
 -4.7764288  -7.50528477] 0.0013982167182123402 True
[-4.16111706 -6.73272282 -4.42736272 -4.46019571 -5.09182785 -5.44589482
 -4.39525858 -8.00428    -4.99712394 -5.04418093 -5.59718857 -5.93958426
 -8.76596721 -8.97858046 -9.74238382 -5.61783697 -8.1468658  -4.63975412
 -5.00205928 -8.20307185] 0.0008150383503038686 True
[-4.35081538 -7.38991926 -4.72756122 -5.61790929 -4.76649265 -5.52655318
 -4.93798511 -8.72951509 -4.7928241  -5.36358036 -6.53468129 -5.65747034
 -9.41941182 -8.79870204 -9.56764708 -6.37324903 -8.65305201 -5.01467982
 -5.11701337 -8.60443648] 0.0027690761500585104 True
[-4.24341701 -7.26301616 -5.00732081 -5.38886727 -5.26627237 -5.71315023
 -5.88990435 -8.83557083 -5.1334984  -4.89631414 -6.21227405 -6.07889535
 -9.37414044 -9.25458936 -9.08708903 -6.42121399 -9.82461681 -6.54040063
 -5.51137622 -8.76495888] 0.0010863024768220278 True
[ -5.89727877  -9.16548285  -6.62250334  -7.13496178  -7.28180531
  -7.60818532  -6.99085707  -9.6020841   -7.60459898  -7.12264778
  -8.24411824  -7.44246797 -10.88839145 -10.32511245 -11.32751792
  -7.87003918 -11.28493058  -8.33399188  -7.36587409 -10.38081019] 0.001545747151180157 True
[ -7.44184887  -9.89296288  -7.70063482  -8.38507971  -8.41554428
  -8.11228669  -8.40090238 -10.43096431  -8.18938402  -8.82094342
  -8.36440472  -8.15918977 -11.24826362 -11.11514243 -11.47456254
  -9.07168841 -11.85124596  -8.89752197  -6.43515907  -9.77498466] 0.0010993491650065673 True
[ -8.62859739 -10.89752715  -8.64629163  -8.76548663  -9.46290562
  -8.64267599  -8.68667315 -11.27537511  -8.75883142  -8.83481403
  -9.45859227  -8.60479384 -12.47863506 -11.89524095 -12.77714543
  -9.70640906 -12.57839626  -9.68995969  -7.511151   -10.85858514] 0.0014064917690361793 True
[-11.15301208 -13.5474155  -10.84305678 -10.95911523 -11.56299476
 -11.02022441 -11.24320678 -13.44203569 -10.91063385 -11.00463265
 -11.86388202 -11.43198039 -14.81615554 -14.77155584 -15.26692503
 -10.86364185 -14.62618735 -12.31974606  -9.69004057 -12.89565259] 0.001414843555734487 True
[-11.45617559 -14.34269385 -11.400683   -12.08858589 -12.33739754
 -11.20245689 -11.61357139 -14.64443801 -11.30241229 -11.71895593
 -12.17991483 -12.35344523 -15.16214753 -15.54036052 -15.30213761
 -11.39343058 -15.56075559 -13.10427028 -10.32251984 -13.36290616] 0.0007738630662796562 True
[-12.1311044  -15.5684893  -11.94222493 -12.49940111 -13.29492685
 -13.80244817 -12.77788633 -16.04327124 -12.84684939 -12.41244393
 -12.61936887 -12.51004575 -15.984038   -16.76010433 -16.42308952
  -9.58162042 -13.40651666 -13.58441851 -11.26661511 -14.25934989] 0.0008942853879349192 True
[-13.26760372 -16.24701336 -12.39240059 -13.40588808 -13.28285718
 -13.98965656 -13.42419947 -17.35291648 -13.69737002 -13.27466348
 -13.15285169 -12.75305757 -16.21363986 -17.26874758 -17.27497705
 -10.36732314 -14.49215213 -14.01301278 -11.66277849 -14.82539535] 0.001396815810270177 True
[-14.09537918 -17.94761618 -14.59721191 -14.45402809 -14.83314907
 -15.28897446 -15.25704546 -18.17651279 -15.41898539 -14.85205697
 -13.64787804 -14.16236008 -17.54908122 -17.93817311 -18.32911625
 -12.09590734 -18.55621746 -16.3169978  -12.73511643 -16.13667083] 0.0007237070926641103 True
[-14.39594863 -17.80839071 -15.23680226 -15.02960882 -15.5827259
 -15.20729437 -14.65719239 -18.4693962  -15.3213862  -15.97987192
 -14.7645424  -14.69061936 -17.80420141 -18.44602865 -18.6417255
 -13.38670214 -19.23411441 -16.49160359 -12.45040559 -16.43599561] 0.001392394887062874 True
[-16.08720387 -18.5575153  -15.86044836 -16.37110466 -16.62282068
 -16.37696283 -16.02348493 -19.97004168 -16.52472818 -16.33590632
 -15.95624798 -14.81614129 -18.47797424 -19.27771755 -19.46383697
 -13.73897416 -20.04377534 -17.43322663 -13.99110258 -17.69981334] 0.0014204412558696494 True
[-17.76196006 -23.99741939 -21.08139807 -17.0959502  -17.66757319
 -18.72983739 -18.15725518 -24.28288021 -18.22125372 -18.91592693
 -19.8144752  -16.07836654 -19.40880369 -22.02218457 -21.24318177
 -15.58582737 -18.96096796 -18.12807448 -15.67033019 -18.31097359] 0.0019177241030596194 True
[-18.21992606 -23.61020859 -21.17981431 -17.18923968 -18.23590863
 -18.16265243 -17.99400898 -24.55812522 -18.91701133 -19.16666351
 -20.46515454 -16.35912098 -19.31218742 -21.87541252 -21.72998385
 -15.84218665 -19.09691792 -17.7581773  -15.39118063 -18.63888343] 0.004202601575511633 True
[-18.70409695 -24.04777534 -21.22596185 -18.10862426 -18.51630334
 -18.62073884 -18.27878709 -24.93227921 -19.268982   -19.94886449
 -20.11963832 -16.49010149 -19.3241149  -21.39290634 -22.36168787
 -16.45436704 -19.26215889 -18.69513006 -15.75133524 -19.04607168] 0.0010302261036303924 True
[-18.87915973 -25.26794806 -21.61654811 -18.26839536 -18.98533234
 -19.07400815 -19.80226288 -25.43478092 -20.18194298 -19.57692063
 -20.29317043 -18.1466519  -20.3756188  -22.88616092 -23.44002175
 -15.89351876 -19.49700625 -19.27828983 -16.2875171  -19.82983752] 0.002760874027576721 True
[-18.4771877  -25.0387832  -22.3493049  -19.40384016 -19.17332251
 -19.42476149 -20.54398355 -26.49075387 -20.80321467 -19.81760856
 -19.95079768 -16.47330363 -19.96447677 -21.89642021 -22.67083647
 -16.78547764 -20.42661313 -20.44650437 -16.61859074 -20.51037856] 0.0014466100738188621 True
[-17.24359227 -26.09743639 -23.30900274 -20.62468936 -21.18987883
 -20.32543323 -21.23155703 -27.06139089 -20.54725275 -19.60600676
 -20.70642734 -17.31873665 -20.66424739 -23.46764019 -24.15056489
 -18.31895669 -22.41501011 -21.8219576  -18.286726   -21.61204099] 0.0014546194012853306 True
[-18.70740755 -27.58201969 -25.36491515 -21.14929469 -21.96334192
 -21.39179428 -22.70705177 -28.7036608  -22.92975021 -21.86214374
 -21.90045743 -18.66957978 -21.93518118 -24.88398797 -25.55325395
 -19.55698865 -23.97223313 -23.0306303  -19.712144   -23.22994845] 0.00432872291502984 True
[-20.30859601 -26.30420153 -27.01424087 -22.99273954 -23.22997999
 -23.12948967 -22.97956454 -28.84500455 -21.70224974 -19.22509586
 -23.42625259 -19.96160185 -23.8214759  -23.63437961 -24.92616164
 -20.81277573 -23.62679717 -24.36214398 -20.96545262 -24.17724706] 0.002813819940111664 True
[-20.38689586 -26.91291009 -26.61924774 -23.38522469 -23.27900517
 -23.83510526 -22.67113258 -29.27097696 -22.16962918 -19.34996744
 -23.58199653 -20.84331462 -23.02261029 -23.98870778 -24.30503464
 -21.13228544 -23.92107515 -24.93993194 -20.90034839 -24.47067504] 0.0028455912106296515 True
[-21.18784874 -27.60162466 -27.74575904 -23.78822365 -23.29875441
 -23.88841719 -22.86342284 -29.89234121 -23.69778865 -20.98066621
 -24.43647373 -21.93213517 -23.93271708 -24.1786859  -23.76017167
 -21.46951917 -25.00234994 -25.15629516 -21.55049832 -25.56832426] 0.0014104762783604286 True
[-21.50193219 -27.44417986 -27.42210777 -25.46895273 -24.21403422
 -23.60059989 -23.32259643 -30.03618644 -23.43957946 -21.51713635
 -23.85992096 -21.33893702 -24.91633765 -24.2727761  -23.98560226
 -21.55879516 -25.00852499 -25.78812325 -21.63044016 -25.43470915] 0.004211098832244498 True
[-22.79077259 -28.69705668 -29.31717877 -28.73020366 -25.74679029
 -25.21493078 -25.70099492 -31.82081924 -24.51251057 -24.66114847
 -24.86768661 -22.68380195 -26.11286513 -26.20830067 -26.11551082
 -23.64805653 -26.79066332 -29.15616155 -23.47312024 -26.75492247] 0.0006100090800285445 True
[-23.83296422 -29.88486874 -29.49707374 -29.52234573 -28.76369768
 -26.14619525 -25.74394194 -31.29214401 -25.80636569 -26.43260205
 -26.81775391 -23.52029342 -26.64721489 -26.19292105 -26.59726407
 -24.03056432 -27.33799564 -29.90240551 -24.4466474  -27.86282815] 0.0005476226339067667 True
[-27.52996782 -31.03245824 -30.81570269 -31.45043473 -31.92318215
 -28.56678358 -28.1854211  -33.48360639 -27.97835633 -28.52653731
 -28.29739003 -24.76867962 -28.26843813 -27.67998002 -28.3364588
 -25.95485388 -29.66842422 -32.1957772  -26.35871494 -29.04467165] 0.001227949894521371 True
[-28.20391859 -31.74334056 -31.84300506 -32.53080056 -32.21234037
 -29.09567887 -29.15813889 -34.84605719 -29.05690073 -29.72785119
 -29.23588584 -25.29364667 -28.6279825  -28.64534548 -29.25884856
 -26.78097209 -30.15636367 -33.12086872 -27.32942961 -29.82736235] 0.0004236407105367214 True
[-26.90456585 -30.832799   -31.21543671 -31.89021162 -31.16952412
 -29.05290935 -28.30559609 -35.38890989 -28.40981926 -29.17828823
 -30.08819032 -26.1423075  -29.04005779 -28.9910889  -29.16919911
 -26.55006984 -32.97857896 -35.1457668  -26.56829578 -29.31728166] 0.002724380945384132 True
[-28.07610591 -31.28246448 -32.20382077 -32.21990255 -32.19126781
 -32.62614733 -30.25760488 -36.41236723 -29.16378244 -29.28649322
 -29.71970942 -26.10335633 -29.12199484 -30.37546679 -30.18390288
 -27.29101106 -33.43837705 -36.01985246 -26.74983585 -29.98299518] 0.0010513283413296224 True
[-28.11179919 -32.0126326  -32.13579312 -32.51643821 -32.75546332
 -32.93152219 -30.55055671 -36.63393091 -29.60773549 -29.27125067
 -29.96571556 -26.84307923 -29.63615203 -30.60789824 -30.98779932
 -27.31552021 -33.83709358 -36.23906494 -27.05673364 -30.38234832] 0.0006511763366391332 True
[-30.58038751 -34.37675829 -34.38192014 -34.91060312 -34.80644577
 -31.98417277 -31.73640057 -38.85589281 -31.75497812 -31.5767185
 -32.49736438 -29.72998512 -32.96043494 -32.6839465  -32.95260595
 -29.23639303 -34.88528066 -37.93514473 -28.52019005 -32.43800315] 0.0005720397215700966 True
[-34.8227709  -38.56681845 -37.66212866 -37.54637067 -37.57240451
 -34.94173249 -34.33635632 -41.31020173 -35.60496018 -36.6013822
 -35.7874287  -32.57481563 -35.63493301 -35.72134114 -36.01728338
 -32.85002686 -39.30591416 -41.53858484 -32.00627437 -35.27678346] 0.0006717411489427361 True
[-34.80073733 -38.81973028 -37.83782539 -38.45610904 -37.51616269
 -34.62488518 -34.54115958 -41.90044323 -35.26774016 -36.43131651
 -35.85956502 -32.78322666 -36.29927471 -35.28898587 -35.91895771
 -33.51925028 -39.39389604 -41.95906485 -32.31152087 -35.43596094] 0.003095616474248323 True
[-35.33940295 -38.99489093 -38.26947251 -38.18521618 -37.87608495
 -35.51867617 -35.10389505 -42.15861548 -36.5498667  -37.05886357
 -35.99070822 -33.09566493 -36.07206331 -36.36754329 -37.12146272
 -33.26157936 -39.26379324 -42.77525598 -32.6022556  -35.6602941 ] 0.0010348087395887402 True
[-36.89179078 -39.87612712 -39.89854401 -40.4972707  -40.04775033
 -39.12939083 -36.76851725 -43.64518818 -37.84744895 -38.21085897
 -37.88994339 -35.18692094 -38.5275416  -37.47856043 -37.82840888
 -34.17710003 -40.39630994 -43.86227382 -34.37843313 -38.57361368] 0.0011516736248756857 True
[-37.98446873 -40.66054541 -40.28639017 -40.13988772 -41.07065631
 -40.90186381 -37.51924513 -44.36581697 -38.88440134 -38.45103757
 -39.13705919 -35.71441717 -39.09084139 -38.895987   -37.91088505
 -34.32423267 -41.51014395 -44.45363813 -35.45533772 -38.3209488 ] 0.0010713306925652145 True
[-39.42897372 -42.00540038 -41.58332219 -41.57549448 -42.41216385
 -42.20294713 -38.58347459 -45.83704605 -39.71352915 -40.05165092
 -40.74421724 -36.52805406 -40.45063051 -40.31277497 -39.89365668
 -36.04317723 -42.46833271 -45.73019098 -37.14607504 -39.63685338] 0.0011613561304271154 True
[-41.38371341 -44.99444517 -44.65305374 -43.91205821 -43.7081192
 -44.45039478 -40.80368356 -47.56891028 -40.61361814 -41.74590299
 -41.01268036 -38.28581532 -40.17328846 -41.31524076 -42.30754596
 -39.18191219 -45.70688407 -48.40341215 -42.03579362 -41.8865217 ] 0.0027554660636130643 True
[-41.99644844 -46.00715587 -45.8025655  -46.13401569 -45.64198556
 -45.89096239 -41.78593136 -47.7835928  -42.16734436 -42.10212943
 -42.72145444 -39.55730187 -42.58301697 -42.83783525 -44.18002274
 -40.79167301 -46.58715121 -49.87787025 -43.02541583 -43.3394851 ] 0.0019479520277322227 True
[-42.62212864 -46.02471626 -46.77659014 -46.31167642 -45.68498023
 -46.16072118 -42.47883491 -48.59958158 -42.17613111 -42.04131073
 -42.90857541 -39.81953777 -43.99003312 -43.63771818 -46.23447195
 -40.68843623 -46.84609807 -49.41339373 -43.70130863 -44.30329523] 0.0008545959680333764 True
[-43.29895872 -47.08499372 -47.52859568 -46.9602757  -46.82344166
 -46.8445812  -43.5526282  -48.99443331 -42.91458976 -43.58588537
 -43.67695662 -39.50519684 -43.80800546 -44.41977416 -47.85465505
 -41.49862064 -47.35513704 -50.51445236 -44.59114823 -44.9663196 ] 0.0009566146012358613 True
[-44.24573593 -47.70756327 -47.97119317 -46.9754662  -46.78158829
 -46.84913911 -43.03640949 -49.55705637 -44.24316103 -43.76217631
 -44.15833095 -38.60208333 -44.16695319 -44.45303201 -46.86859629
 -44.16302135 -48.25214771 -51.39559433 -44.9540925  -45.34990352] 0.0011216767164960045 True
[-44.84815074 -48.71410809 -48.43379567 -48.32082679 -45.93564254
 -48.4509975  -44.65199695 -50.58446628 -44.33630353 -45.16692078
 -45.19101157 -38.51683079 -42.12809443 -46.13473682 -46.4525656
 -45.44224333 -49.25707606 -52.77472568 -46.08556385 -45.70350689] 0.0012724134759613981 True
[-47.18931694 -50.47754387 -50.82469032 -50.85283774 -48.15789168
 -50.0595707  -46.94733355 -53.01285481 -46.31491771 -46.92706108
 -47.71117415 -41.19109965 -43.67256325 -47.44547189 -48.15950006
 -48.41512474 -51.62018382 -54.64301081 -47.68210286 -48.25727121] 0.0011627112149163869 True
[-48.90700981 -52.27505838 -52.22693539 -51.76208629 -48.90046674
 -51.78913584 -48.61515742 -54.50890198 -47.42075271 -47.51419562
 -48.76103433 -42.13477003 -46.08664552 -49.36799427 -49.41127956
 -49.70864656 -52.97742378 -55.88743414 -49.39149705 -50.19055666] 0.0005785738314011302 True
[-48.91182991 -51.90978797 -51.8640546  -52.44617283 -49.5487595
 -51.97766724 -49.49722374 -54.59046328 -48.44606787 -49.33194849
 -49.32823664 -42.98956007 -46.86406136 -49.71478354 -49.52561718
 -49.2292753  -53.41575655 -56.36837287 -51.1431584  -50.88268133] 0.0013909187242884256 True
[-50.39589241 -53.30943072 -53.46795526 -52.64771485 -50.26714029
 -50.41776211 -49.60703021 -56.3446099  -50.55431766 -51.57852599
 -50.95156206 -44.34096819 -47.58977857 -50.36139618 -50.0551454
 -51.02423598 -54.36839372 -57.44223078 -51.86625731 -52.13908473] 0.0010368209273136217 True
[-50.69130754 -53.35675214 -54.28423    -54.70838429 -51.18317019
 -51.97343239 -51.38137824 -58.54169171 -52.46163671 -52.0404293
 -51.87585135 -45.46142015 -48.90404194 -52.10655883 -52.52818633
 -51.69554804 -54.62476514 -58.78486069 -52.67207158 -53.22902228] 0.0009703096185428935 True
[-51.09448923 -54.98541539 -54.50501664 -55.02951043 -52.22068172
 -52.35267707 -52.39047687 -59.56599863 -53.60065509 -52.87569759
 -52.6508363  -46.04349528 -48.8913911  -52.09945537 -53.09489639
 -52.73162939 -55.90437649 -59.1319557  -52.76265519 -53.61461482] 0.0005807809792766158 True
[-51.97645948 -55.64713222 -54.99259398 -55.3778816  -52.8673343
 -53.21936479 -53.38687376 -60.140865   -53.6479691  -52.83868618
 -52.93879719 -46.71362083 -49.42755038 -53.1735893  -54.07077205
 -54.15335055 -56.35437101 -59.55727116 -53.31933305 -53.9991074 ] 0.0011208971656088262 True
[-53.18561696 -56.49832659 -56.7490378  -56.84081199 -54.41426718
 -54.0234852  -55.17665888 -60.75154704 -54.70508394 -55.68792974
 -55.06118103 -48.00787986 -50.6443471  -54.12695354 -54.40178737
 -54.16036858 -57.98153091 -61.16375001 -54.57648109 -55.14466707] 0.0008629954765924025 True
[-55.88452156 -58.29213919 -58.95963306 -59.37308055 -56.76238006
 -57.01823857 -56.7163711  -62.76008319 -56.72623968 -57.64669513
 -57.39735644 -50.80883158 -54.09504871 -57.06869642 -56.42610069
 -53.46885111 -60.2144446  -64.12263342 -57.4072874  -57.85009108] 0.0004390901943435323 True
[-56.89855094 -59.6906132  -60.52722822 -60.99580373 -57.95196298
 -57.8831478  -57.80726487 -64.81838294 -58.36063942 -59.01310662
 -58.28205237 -52.02956152 -55.21979602 -58.19209521 -57.04945613
 -54.7069502  -61.49273732 -65.24698979 -59.01973134 -58.81822392] 0.0006636817523043403 True
[-58.58852214 -61.05490609 -61.58114398 -62.12754881 -59.72206195
 -59.28353367 -59.39464141 -65.84238923 -59.50170308 -60.21042867
 -60.04987172 -53.88793254 -56.1644793  -58.58192393 -56.5587774
 -56.42698103 -62.72533921 -69.29665325 -60.70516759 -60.30314884] 0.001000669059692372 True
[-64.89399727 -67.99450923 -68.74013335 -68.80285501 -65.05750515
 -66.03107791 -66.04326907 -73.2971058  -66.36442319 -66.78180726
 -66.32999306 -59.38678735 -62.49032032 -65.37693899 -63.46401739
 -63.34657236 -69.21437777 -75.86952342 -66.42300466 -66.86425773] 0.001096260065341333 True
[-65.91729571 -68.39631816 -68.60815502 -69.32873985 -65.8464578
 -66.67128355 -66.83623406 -73.69133791 -66.96007042 -66.88742715
 -66.00542477 -60.29991153 -63.70477375 -66.16386315 -63.3249634
 -63.99702776 -71.09016225 -76.69285093 -66.83242552 -67.05041308] 0.001149839641131688 True
[-68.07348979 -71.17027193 -71.49457971 -71.4034753  -67.80173108
 -71.84678553 -69.18653595 -75.94080658 -69.84071819 -68.64643814
 -68.78346956 -62.6743245  -66.66525694 -69.16810193 -66.1079372
 -66.38125264 -72.67983295 -78.25484895 -68.67223783 -68.03729845] 0.0012391261612715652 True
[-68.64669265 -71.32446553 -71.18851869 -71.20171745 -68.82299723
 -72.2547998  -69.68777258 -75.10559881 -72.19617738 -72.19929141
 -70.312196   -63.67519968 -66.0901892  -69.66195123 -66.4254988
 -65.92244587 -73.13247193 -78.76849712 -68.6875355  -68.29765367] 0.0019490383240535088 True
[-68.63222612 -71.31313742 -71.54833429 -71.31124218 -68.49689724
 -72.83032935 -69.71456892 -75.45410503 -72.92378563 -72.36068515
 -69.96219383 -63.3974095  -66.10595792 -69.1332438  -65.55546661
 -66.0929264  -73.32491245 -79.3702738  -69.88009676 -69.79136224] 0.0013641050528905125 True
[-69.10520125 -71.64020601 -71.34419516 -72.20486928 -68.93569704
 -72.50424843 -70.21158497 -76.1101478  -73.41834935 -72.9652257
 -70.24931334 -63.24506253 -66.27849334 -69.20203936 -66.17431513
 -67.23563823 -73.59195634 -79.46038984 -70.17299504 -70.22243307] 0.0005775224822027809 True
[-69.75086533 -72.57468533 -71.82689184 -72.60034087 -70.13376726
 -73.53082324 -70.70175669 -77.48137028 -76.96962751 -73.17684893
 -70.70998236 -64.00628566 -67.53001835 -71.07266805 -67.79873067
 -68.40344535 -74.72430309 -80.07093556 -70.99177903 -70.7830449 ] 0.0006355363154540382 True
[-70.88054719 -74.89875607 -74.57261194 -74.96023239 -71.87881847
 -75.90228951 -72.03650976 -79.00598554 -78.36072376 -74.94982899
 -72.49640329 -66.79577499 -70.51409162 -72.72202121 -70.00508867
 -69.53575862 -76.31392147 -81.50914496 -72.0403702  -72.10757732] 0.0013970524197552564 True
[-73.40094685 -76.50421171 -76.3475183  -77.11456632 -74.46176028
 -77.39413485 -74.15573519 -81.00193748 -80.12916034 -77.42378499
 -74.49538996 -69.02639279 -72.38240973 -75.24463801 -71.34121492
 -71.59600107 -78.35788371 -83.68355278 -74.19438203 -73.91619141] 0.0005798163024895053 True
[-74.04542923 -76.30494698 -76.1977122  -79.39733995 -75.54907919
 -79.77734209 -75.85147331 -82.29998982 -82.15462885 -79.53830219
 -76.64336132 -70.24633519 -75.16157553 -76.01650361 -72.29169323
 -73.01126087 -77.89957406 -84.14899612 -74.8373102  -75.39533785] 0.004374007447392802 True
[-79.06440398 -81.63720484 -81.02591477 -84.63399038 -80.36975577
 -84.29627596 -81.10772841 -88.11230662 -87.15933889 -84.66494555
 -80.28241935 -74.62072627 -81.33389794 -84.70614988 -77.48213954
 -77.96263834 -83.24038522 -89.77535555 -79.42107473 -80.07624845] 0.0042886714525301045 True
[-79.93520882 -82.96753112 -82.52551345 -86.20337758 -82.02701135
 -84.67279305 -81.58484429 -88.55442231 -87.66186967 -85.24527882
 -81.81025101 -75.35083537 -81.37148926 -85.1749937  -78.61402588
 -79.48682554 -84.82019327 -90.73951802 -80.51910742 -81.18831303] 0.0014015428393741318 True
[-81.90537846 -85.33030736 -84.55420192 -87.40708169 -83.41913678
 -86.39949793 -84.22445956 -90.66957021 -90.017546   -86.57725202
 -84.26114812 -77.1777932  -83.12571171 -86.19545866 -80.03311322
 -80.4277646  -86.67302434 -92.8671928  -82.5869146  -83.17885494] 0.0010299857296532243 True
[-83.93824031 -87.18042129 -86.22432169 -86.49986774 -83.63512077
 -87.08695374 -83.72335177 -90.70166606 -91.22671577 -87.81047956
 -84.97468433 -79.36046955 -85.14395055 -87.97085339 -80.83573918
 -83.83499685 -91.036611   -93.89032203 -84.22316898 -84.71846675] 0.0006804093615716952 True
[-84.36279139 -87.65934442 -87.19592698 -88.27515425 -85.02243806
 -87.85723427 -84.18042655 -91.03509895 -91.33147086 -89.23203172
 -85.82794834 -79.36026786 -86.42160321 -89.02806419 -82.22081885
 -85.3878213  -91.65357629 -94.05941983 -85.23298566 -85.63655388] 0.0009322027931360715 True
[-84.98627998 -88.68731715 -88.78617669 -89.04017272 -85.73280655
 -89.47928063 -86.99184676 -93.377788   -92.6907269  -90.21939436
 -86.95218914 -79.59810625 -85.80629911 -89.23147504 -83.42173656
 -86.82574151 -92.94295878 -95.74233408 -87.23253645 -87.06821962] 0.0006410456397721453 True
[-86.31848635 -89.52607194 -89.67300932 -90.43167413 -86.59120205
 -90.66109146 -87.63289378 -94.17016642 -94.25848518 -91.85539577
 -87.93297795 -80.62125045 -87.22344394 -90.21402574 -84.24498421
 -87.57128218 -94.09171615 -97.09228713 -88.42440432 -87.86728597] 0.0007048294995600211 True
[-86.81974532 -89.92397214 -89.79974518 -90.77249212 -87.56701311
 -90.66159969 -88.17427626 -94.9211688  -94.26275187 -92.14068797
 -88.39894985 -81.22646308 -87.22376215 -90.94894197 -84.76316082
 -87.82328453 -94.50632725 -97.74648243 -88.90933368 -88.10628678] 0.0009758728469679715 True
[-88.29169879 -91.08818853 -90.18668767 -90.97889524 -87.99186228
 -91.51277191 -88.54065924 -95.26518822 -94.38901605 -91.58326921
 -88.12176948 -81.26670381 -87.38396393 -91.67945806 -85.43967345
 -88.70637397 -95.21894761 -99.06480034 -89.75662375 -89.05990284] 0.0011832398743294777 True
[-88.3983846  -91.87996271 -91.0548036  -90.93904322 -88.53133917
 -91.97818754 -89.33529276 -95.0007521  -95.17407539 -92.02394702
 -88.41857746 -82.13436178 -87.50149666 -91.64084665 -85.78120099
 -89.56096773 -95.30546887 -99.22083999 -89.95574818 -89.80147565] 0.0007401865479971177 True
[-90.15399496 -92.41461557 -90.30759827 -90.00935196 -87.07792364
 -92.16896392 -89.04250982 -95.20209217 -95.43716966 -92.41169154
 -90.01590857 -83.8168438  -89.39653636 -93.27018931 -86.62953897
 -90.70967777 -96.53474823 -99.65398976 -90.78018736 -91.33695755] 0.0014076678763930834 True
[-90.15719567 -93.16155257 -90.85255772 -90.1740314  -86.51192769
 -89.99795443 -89.80123997 -96.54294418 -97.11849451 -94.08663
 -90.80850978 -84.30022144 -89.7254266  -93.42184967 -87.85912543
 -90.91211058 -97.15284956 -98.02546751 -91.57561    -92.29285017] 0.0006552305955106776 True
[-91.08067563 -93.92228458 -91.63524954 -91.04042415 -87.83044578
 -90.41766525 -90.65561966 -97.38361345 -98.20996965 -94.89420119
 -90.98173663 -85.39963916 -91.76292935 -94.50661955 -88.05615602
 -91.5285329  -98.3269317  -99.19043653 -92.43380429 -92.83915138] 0.0006191909459166696 True
[ -93.11322855  -93.91185285  -94.47568401  -91.05871566  -90.55855281
  -91.65603718  -91.05210076 -100.07253767  -99.84489271  -96.53344459
  -90.25022994  -87.1060786   -94.33592019  -97.39313531  -91.41601874
  -95.19949847 -101.4690799  -100.82820303  -94.6725398   -94.91241672] 0.0006169360950853588 True
[ -94.12656959  -94.62445183  -95.0083337   -92.14423016  -91.14774652
  -91.62669122  -90.55327965 -100.99423676 -100.0665266   -97.64498255
  -90.62335594  -87.53013804  -94.83882827  -97.87270899  -92.11013403
  -95.73874514 -101.76445451 -101.38392464  -95.08911584  -95.75894988] 0.0016223817660433665 True
[ -95.95645021  -96.23462525  -96.28229876  -94.27942678  -93.5308521
  -93.22661353  -92.66375646 -102.13347794 -102.05690131  -98.9869537
  -92.7818341   -89.62279358  -96.52910793 -100.96171828  -93.89617274
  -97.04405352 -103.38617071 -103.22456782  -97.33519817  -96.93011016] 0.0010827248697597304 True
[ -96.66482034  -96.68136177  -97.31663278  -94.57563026  -95.16032658
  -94.35610186  -94.30286672 -104.59895244 -104.36654015  -98.5548321
  -92.02442941  -89.3164721   -97.99014479 -101.14181523  -94.4348064
  -97.9817855  -104.84785039 -105.21911228  -99.17809607  -98.3603812 ] 0.0005783468062561074 True
[ -98.18908999  -98.70757262  -98.04141044  -95.22176393  -95.4951531
  -96.38982294  -96.41792917 -106.05559702 -105.4176369   -99.79802056
  -93.56463909  -92.95804697  -98.73048044 -101.93852408  -96.3092031
  -99.62831117 -106.24841732 -106.16026284 -100.20528258  -99.25155103] 0.0005706006556469578 True
[ -98.7411621   -98.75300424  -98.5365314   -96.07643979  -95.70641185
  -96.48580252  -97.44301357 -106.6743548  -105.97474694  -99.48781425
  -94.06661422  -93.66398003  -98.96693992 -103.05055486  -96.4435266
  -99.99679557 -105.75597683 -106.35245069 -100.0097736   -97.61452602] 0.001849843114089882 True
[ -99.13948768  -99.01341169  -99.12657897  -96.20151814  -96.06628643
  -96.29458168  -96.72471036 -105.97887768 -106.2339915  -101.25764278
  -94.95616064  -94.47748081 -100.5455693  -103.48741113  -96.7271592
 -100.19631376 -106.2146275  -106.23995718  -99.32336403  -97.0703445 ] 0.0006593275633846927 True
[ -99.58580868  -99.66701928  -98.71195891  -96.47759488  -96.05333586
  -96.61114371  -96.66935081 -106.69406362 -105.73009147 -100.68151544
  -95.11345508  -94.68046719 -100.42844879 -103.95975785  -97.21253871
 -100.03870754 -106.46293715 -105.79432667 -100.28489366  -97.70785394] 0.0024337781929629023 True
[-100.55189206 -100.68018616  -99.99141387  -97.18552928  -97.34205911
  -97.42382817  -98.03717848 -107.17754683 -107.88618243 -102.50586558
  -95.74371236  -95.21747719 -101.76026017 -104.50853095  -98.1586597
 -100.96317691 -107.17312629 -106.86507831 -101.70327435  -98.61571479] 0.0005615188134672841 True
[-101.14316363 -101.58953994 -100.93344601  -97.61073171  -98.22838221
  -98.00953706  -98.81976081 -107.75626264 -108.44042934 -102.9775221
  -96.53328476  -95.80840162 -102.79405339 -105.12513984  -98.92798022
 -102.03562774 -107.73881922 -107.62777151 -102.2378552   -99.32340958] 0.0010254822765001948 True
[-101.86231851 -101.88685214 -101.48384052  -98.58586076  -99.38714702
  -98.96592074  -98.87454513 -108.44199453 -109.22531998 -103.69840714
  -97.34455035  -96.22329976 -103.50209687 -106.56505103  -99.56425422
 -102.30758633 -109.03361802 -109.25477424 -102.50817424  -99.30487548] 0.0009426601261976324 True
[-102.42889847 -102.19428231 -101.91340363  -98.75459855  -99.40831127
 -101.59640686  -99.53089331 -109.5084422  -109.36898671 -105.76654248
  -97.38716647  -97.1819478  -104.44315263 -106.80819238 -100.02323129
 -102.91405604 -108.88937847 -108.90831938 -103.39834464  -99.85325101] 0.0014234970707354489 True
[-103.50879677 -103.7942552  -103.38408146  -99.99584069  -99.91385643
 -103.61805284 -101.3812415  -110.2734765  -110.46927367 -107.63515978
  -99.06156037  -98.45391885 -104.98093107 -108.43136464 -101.05820876
 -104.03318817 -110.03990272 -110.5208669  -104.51021857 -101.15693203] 0.0005675474105675391 True
[-105.41021998 -105.04424297 -104.88236938 -102.64594917 -101.29522656
 -104.76949469 -103.96292656 -111.49038535 -110.73312804 -108.34966011
 -101.73192387  -99.54273842 -105.69662239 -110.01499296 -102.56682035
 -106.08755217 -112.24744621 -113.15253516 -105.48612287 -101.91859437] 0.01401971087647937 True
[-107.52295231 -106.76750427 -107.01006509 -103.93986518 -103.7970485
 -106.57250345 -105.84283292 -112.61030781 -112.77880488 -110.38148724
 -103.84056606 -100.54563805 -107.69209038 -113.81368827 -104.93323325
 -108.45954925 -114.80264863 -113.70470926 -107.58345004 -104.23580724] 0.0005582050231981776 True
[-107.32083106 -106.42643143 -107.1086216  -104.1873049  -104.58635371
 -107.30847751 -106.9586096  -113.46132418 -114.19158912 -111.55609866
 -105.8090787  -101.85772512 -108.48783718 -111.94996201 -105.03669943
 -107.94015439 -113.61516493 -114.09125389 -108.25921679 -104.69920767] 0.0006411370252220382 True
                        fun: 0.00042350361868140113
 lowest_optimization_result:       fun: 0.00042350361868140113
 hess_inv: array([[ 8.31745415,  9.62694958,  0.1424465 ,  5.68688166,  3.35821374,
         9.24146119,  7.36337395,  5.64345317,  8.75813844,  3.14966603,
         2.9327583 ,  3.87702555,  3.05161949,  8.70571685,  4.41032687,
         6.25710798,  2.1593548 ,  4.38516538,  4.28252072,  3.22897499],
       [ 9.62694958, 32.96676851, 11.19368891, 20.96603155, 14.38256802,
        27.99389002, 16.30662269, 15.04286389, 19.0667634 , 11.34610623,
        24.07872187, 18.79810382,  4.96852867, 27.07676684, 16.50002303,
        19.07883371, 13.68505286, 22.88224561, 12.65750913, 17.63059867],
       [ 0.1424465 , 11.19368891, 15.40007376,  5.3120807 ,  6.74325242,
        10.3397151 , 14.88472678,  5.14262728,  2.46836108, 14.66550609,
        18.35696958, 11.73142871,  8.56082892,  7.49079788, 11.25187443,
         9.64762218, 10.15686402,  8.03408918, 15.01121876, 10.14243537],
       [ 5.68688166, 20.96603155,  5.3120807 , 24.48654469,  8.58249198,
        20.65749588,  4.21633845,  5.42783792, 17.5485386 ,  4.76607923,
        15.20660142, 18.05766233,  5.31933099, 20.45054602,  8.44148097,
        16.55755388,  8.61594854, 20.15915404,  8.4564978 , 15.71928668],
       [ 3.35821374, 14.38256802,  6.74325242,  8.58249198, 11.77708636,
        11.09191159,  8.02024993,  7.87440487,  4.917606  ,  5.61381691,
        11.56321164,  7.29732531,  4.34939267, 14.15933894,  7.66729695,
         2.54076974,  4.6847957 ,  8.24881456,  6.42707996,  7.78108329],
       [ 9.24146119, 27.99389002, 10.3397151 , 20.65749588, 11.09191159,
        27.63824311, 16.09532532, 10.73131915, 17.99805769, 11.37033082,
        20.48546433, 18.47224127,  6.82503924, 24.04453739, 14.70689216,
        19.30284361, 10.68705292, 20.36121266, 14.22103267, 16.19158801],
       [ 7.36337395, 16.30662269, 14.88472678,  4.21633845,  8.02024993,
        16.09532532, 24.46342789, 10.34785129,  7.00102272, 18.30202684,
        18.73045949, 12.31211364, 12.16469509, 12.28022866, 15.46530967,
        13.92784674, 10.9348216 ,  7.45875677, 20.02966486, 10.86274974],
       [ 5.64345317, 15.04286389,  5.14262728,  5.42783792,  7.87440487,
        10.73131915, 10.34785129,  9.86097652,  7.12702638,  5.99296953,
        10.85725248,  6.52235145,  3.02506739, 11.99971249,  8.51135999,
         6.90611642,  6.69065156,  7.66083495,  6.12762004,  7.13910129],
       [ 8.75813844, 19.0667634 ,  2.46836108, 17.5485386 ,  4.917606  ,
        17.99805769,  7.00102272,  7.12702638, 17.89839788,  5.36157915,
        11.5424451 , 13.68265766,  3.7189915 , 17.14609314,  8.62341295,
        16.98661887,  8.88425795, 16.39679051,  7.73386566, 11.58180106],
       [ 3.14966603, 11.34610623, 14.66550609,  4.76607923,  5.61381691,
        11.37033082, 18.30202684,  5.99296953,  5.36157915, 18.07183392,
        18.35261598, 11.90873859, 11.10480253,  8.66855772, 13.20331665,
        13.37954975, 11.8399436 ,  8.77403178, 18.89622764,  9.84023178],
       [ 2.9327583 , 24.07872187, 18.35696958, 15.20660142, 11.56321164,
        20.48546433, 18.73045949, 10.85725248, 11.5424451 , 18.35261598,
        28.53608112, 20.32429997, 10.24621277, 18.82259159, 17.72496008,
        19.43878291, 17.3432644 , 19.53598681, 19.59453813, 18.57841274],
       [ 3.87702555, 18.79810382, 11.73142871, 18.05766233,  7.29732531,
        18.47224127, 12.31211364,  6.52235145, 13.68265766, 11.90873859,
        20.32429997, 20.07757119,  9.40884721, 16.61039813, 12.57456274,
        19.01954965, 13.07769816, 17.16840173, 15.54957636, 17.41194313],
       [ 3.05161949,  4.96852867,  8.56082892,  5.31933099,  4.34939267,
         6.82503924, 12.16469509,  3.02506739,  3.7189915 , 11.10480253,
        10.24621277,  9.40884721, 11.75215497,  6.29312958,  7.67918529,
         8.68476385,  6.02198975,  4.00775911, 14.38400058,  8.27599314],
       [ 8.70571685, 27.07676684,  7.49079788, 20.45054602, 14.15933894,
        24.04453739, 12.28022866, 11.99971249, 17.14609314,  8.66855772,
        18.82259159, 16.61039813,  6.29312958, 26.04156736, 13.50381473,
        14.83485775, 10.29933058, 19.90847455, 11.56339163, 15.68343572],
       [ 4.41032687, 16.50002303, 11.25187443,  8.44148097,  7.66729695,
        14.70689216, 15.46530967,  8.51135999,  8.62341295, 13.20331665,
        17.72496008, 12.57456274,  7.67918529, 13.50381473, 12.83569316,
        13.35665248, 11.18139434, 11.7361061 , 14.45197628, 11.40647938],
       [ 6.25710798, 19.07883371,  9.64762218, 16.55755388,  2.54076974,
        19.30284361, 13.92784674,  6.90611642, 16.98661887, 13.37954975,
        19.43878291, 19.01954965,  8.68476385, 14.83485775, 13.35665248,
        25.31716768, 14.75372957, 18.53146936, 16.45555526, 16.15054243],
       [ 2.1593548 , 13.68505286, 10.15686402,  8.61594854,  4.6847957 ,
        10.68705292, 10.9348216 ,  6.69065156,  8.88425795, 11.8399436 ,
        17.3432644 , 13.07769816,  6.02198975, 10.29933058, 11.18139434,
        14.75372957, 13.27660345, 12.61165469, 12.44854408, 11.59929797],
       [ 4.38516538, 22.88224561,  8.03408918, 20.15915404,  8.24881456,
        20.36121266,  7.45875677,  7.66083495, 16.39679051,  8.77403178,
        19.53598681, 17.16840173,  4.00775911, 19.90847455, 11.7361061 ,
        18.53146936, 12.61165469, 21.83070567, 10.37103755, 15.35463873],
       [ 4.28252072, 12.65750913, 15.01121876,  8.4564978 ,  6.42707996,
        14.22103267, 20.02966486,  6.12762004,  7.73386566, 18.89622764,
        19.59453813, 15.54957636, 14.38400058, 11.56339164, 14.45197628,
        16.45555526, 12.44854408, 10.37103755, 22.054714  , 13.14206215],
       [ 3.22897499, 17.63059867, 10.14243537, 15.71928668,  7.78108329,
        16.19158801, 10.86274974,  7.13910129, 11.58180106,  9.84023178,
        18.57841274, 17.41194313,  8.27599314, 15.68343572, 11.40647938,
        16.15054243, 11.59929797, 15.35463873, 13.14206215, 16.03526113]])
      jac: array([ 9.13645636e-06, -2.98427913e-05,  3.11195690e-05,  4.27764026e-05,
       -4.72013926e-05, -1.75299647e-05,  1.11104964e-05,  3.86607535e-05,
       -3.03972338e-05,  5.99845589e-06, -2.54133847e-05, -5.96765676e-06,
       -5.19209789e-06,  2.15981345e-05,  5.65927076e-05, -9.42997212e-06,
       -1.37510215e-05,  2.10516191e-05, -2.61367677e-05,  1.92668813e-06])
  message: 'Desired error not necessarily achieved due to precision loss.'
     nfev: 10953
      nit: 440
     njev: 521
   status: 2
  success: False
        x: array([ 1.48768856, -1.98709361,  1.0274083 ,  0.43032406, -0.42883933,
       -3.64105618,  0.5691455 , -2.99564123,  0.2337942 ,  0.17975301,
       -0.34465544, -0.33779418, -3.78328942, -4.06732014, -3.67566044,
        0.03067527, -3.3199571 , -0.77526373, -0.51553385, -4.01533217])
                    message: ['requested number of basinhopping iterations completed successfully']
      minimization_failures: 101
                       nfev: 1689263
                        nit: 100
                       njev: 80385
                          x: array([ 1.48768856, -1.98709361,  1.0274083 ,  0.43032406, -0.42883933,
       -3.64105618,  0.5691455 , -2.99564123,  0.2337942 ,  0.17975301,
       -0.34465544, -0.33779418, -3.78328942, -4.06732014, -3.67566044,
        0.03067527, -3.3199571 , -0.77526373, -0.51553385, -4.01533217])

Process finished with exit code 0
