E:\CURPROJECT\SimsV3\venv\Scripts\python.exe E:/CURPROJECT/SimsV3/Simple_ManyWP_reproducability_test1.py
[ 2.3234921   2.79996711 -3.22376144  2.98249122  0.60936118  4.33442359
  1.35109529  3.76788264 -0.15698862  0.56782748  0.87086623  0.17733519
  4.20743581  3.85555542  1.17957617  1.46692317  1.60142768 -2.1702861
  0.54876956  1.16333388] 0.001159568788315596 True
[ 3.07930516  2.37989044 -0.76660294  2.55182037 -0.495284    3.44635539
  1.19080584  3.54692402  0.50744234  0.64800394  1.00503698  0.40173108
  3.88772168  2.98620742 -0.11994765  0.6113258   1.00247783  0.32999159
  1.1275033   1.06919556] 0.0009592023298999258 True
[ 2.70686514  2.26946011 -0.53704703  2.16619723 -1.45217287  2.38813884
 -0.49508129  3.63376849  0.17837709  0.4265459   2.9488103   0.67030665
  2.86427741  0.9655195   0.49635955  0.67897444 -0.05342641 -0.25898651
 -0.66485231  0.31226082] 0.001640804327995819 True
[ 1.22195281  1.11574389 -2.10315849  0.40579158 -1.29362737  1.92098261
 -0.65630165  2.25018765 -1.25965335  0.05002936  2.17342869 -1.29395571
  1.61373478 -0.15861184 -1.04690024 -0.83954167 -1.4885092  -0.25141142
 -0.99226427  0.04970464] 0.013969484920349969 True
[ 0.29698093  0.78282334 -2.15327561  0.44878717 -0.48501302  0.42959581
 -0.50253381  2.47641279 -0.90967078 -0.60790481  1.98435982  0.04366611
 -0.13025151 -0.04733979 -0.39490941 -0.74982487 -1.15284572 -0.95701041
 -1.1821236  -0.10711985] 0.0014230080939392012 True
[-2.05984274 -1.61945312 -1.9974027  -1.53078086 -2.42283998 -2.78499472
 -2.48601452  0.53573848 -2.17085541 -2.12426954  0.71508725 -1.12877844
 -1.22287405 -2.04456491 -2.54231786 -2.81776102 -2.95191592 -3.01002458
 -3.31258801 -3.80145165] 0.0007573430019465335 True
[-2.86076828 -3.22050944 -4.33721021 -3.97261665 -3.93765247 -4.30383025
 -4.75722489 -4.78218271 -4.57016566 -5.10858531 -2.11696049 -5.25235819
 -4.39755873 -4.80465778 -5.02853142 -7.67523898 -5.11795051 -4.95877189
 -6.13500704 -2.56332753] 0.000772768063505444 True
[-3.33480965 -3.57819222 -2.61795124 -2.89377215 -3.11578673 -3.56629571
 -3.48780114 -3.70790324 -5.80639573 -3.38232225 -3.43796036 -7.49820712
 -3.54510687 -3.57955059 -4.10562882 -7.4589484  -7.48912206 -4.6873853
 -5.14506376 -5.99634424] 0.000809074555263734 True
[-2.49166945 -4.95414464 -2.08945831 -5.05661979 -5.30197329 -2.19505148
 -1.40211869 -4.17300562 -4.92454833 -4.15836609 -4.58547326 -5.38445115
 -3.13454815 -5.49139509 -5.66072755 -5.67380045 -6.20161268 -2.87725048
 -6.47010131 -5.69841167] 0.0009024588911938634 True
[-2.13895909 -5.9939049  -2.01947466 -5.05353168 -1.70842516 -2.2818211
 -1.42537128 -4.82734226 -3.79868417 -1.5284537  -2.12494008 -5.81865821
 -2.23614947 -2.33064137  0.16269075 -3.50733857 -6.27083552 -3.04860162
 -6.00737286 -2.00856998] 0.0016935758943354329 True
[ 0.66716512 -4.64493982 -2.54366403 -4.74057202 -1.80680741 -2.83135948
 -1.51139324 -1.9719051  -2.35644705 -1.7603459  -1.06267977 -5.287441
 -1.04833362 -1.55945825 -1.35658321 -2.39731816 -1.12188872 -0.88289068
 -3.01090395 -0.45840353] 0.013891679786267885 True
[ 0.57235848 -3.04192892 -3.41649547 -3.08530667 -3.07350204 -3.97750722
 -1.34428572 -0.53961561 -1.12940238 -0.53742559 -0.06608619 -3.77048348
 -1.39380152 -1.80849901 -1.32427654 -1.41860686 -1.04553505 -0.81044125
 -3.19030869 -0.45970855] 0.0014997572052304802 True
[ 0.16668311 -0.12437232 -0.8522895  -0.22902271 -0.17141236 -0.24992891
 -0.47443567 -0.92265018 -1.01055263 -1.74683364 -2.74801848 -1.77797093
 -1.64666366 -1.40035659 -0.99119379 -0.96308527 -0.97503881 -1.55008355
 -4.10207728 -0.58044514] 0.0005969779285043021 True
[ 0.56925614  0.28980516 -0.46734868 -0.20207141  0.17900478 -0.17047462
  0.46929189 -0.29311023 -0.91350572 -0.97373289 -1.00678938 -1.84483205
 -1.95328481 -0.9773866  -1.00351057 -0.47654612 -0.48848158 -1.0124375
 -3.53917277 -0.73252393] 0.0006245311986505214 True
[ 0.04676758  0.12717458  0.47050811  0.8343544  -0.05792568  0.38981772
 -0.21847155 -0.98486393 -0.56338435 -0.4679872  -1.07231706 -1.91565379
 -1.31850421 -0.91300316 -1.01300797  0.05881188 -0.2509666  -0.53100721
 -0.36287354 -0.85569989] 0.0008242681090686191 True
[ 0.18908596  0.04982892  1.05601085  0.63980609  0.4275852   0.48678953
 -0.15268759 -0.46990476 -0.34221747 -0.81464206 -1.6934011  -0.90668077
 -1.33972503 -0.4300602  -0.29402282  0.17082261 -0.13535959 -1.10168505
 -0.43530511 -0.25479845] 0.0010792389293131502 True
[ 1.36265439  0.52292161  1.21037635  0.1940711  -0.40178606  0.23019819
  0.13555569 -0.28370866 -0.22560531 -1.18214184 -0.77719281 -0.41560718
 -0.39402806 -0.27905225 -0.87676156 -0.37040667  0.12762111 -0.8044902
 -1.05121224 -1.47451866] 0.0010868669890778241 True
[ 0.80870156  0.61075853  0.29142281 -0.52465345 -0.48955286 -0.00458635
 -0.60355682 -0.97067999 -0.12863173 -0.90891948 -1.25661547 -1.81284248
 -0.74575311 -0.38551305 -0.3903472  -0.60340111 -0.74380021 -0.75020314
 -1.69115878 -1.43264827] 0.0009954524231412234 True
[ 1.79182299  0.77581197  0.59453526  0.18374739  0.01002144  0.30944763
 -0.56316654 -0.61439708 -0.28718334 -0.62205712 -0.97169733 -1.23764644
 -0.33538334 -0.51085887 -0.53616253 -0.62063452 -0.51368032 -0.85448202
 -1.85301986 -1.39035377] 0.0006281968277953704 True
[ 1.02461373  0.28176839 -0.38225906 -0.48773533 -0.72517999 -0.59357458
 -1.34059608 -1.28072579 -1.34258594 -2.18174308 -1.1911527  -0.75563204
 -1.41376925 -1.9458319  -2.01675188 -1.53535972 -1.87764229 -1.47455449
 -1.88451575 -1.93108969] 0.000600091928351108 True
[ 1.06854481  0.11519188 -0.43374919  0.03676453 -0.78982013 -0.8349946
 -0.77416291 -1.30887156 -1.18216911 -1.55291174 -1.5990882  -1.82935472
 -0.66416787 -1.30268915 -1.6373571  -1.14544771 -0.87483957 -1.60965183
 -2.03607822 -2.21707899] 0.0009526430215113094 True
[ 1.3998529   0.40613618  0.10484853  0.29303049 -0.62334398 -0.30574047
 -0.36156488 -0.96134535 -0.76615028 -1.20312225 -1.19247876 -1.28283452
 -0.18158498 -0.82935791 -0.92395702 -0.84352101 -1.02609023 -1.34149243
 -1.44006647 -2.42819716] 0.0009412434847536202 True
[ 0.25168376  0.70533345 -0.10335654 -0.9613546  -0.85401487 -0.81966253
 -0.7077272  -1.25648616 -1.08993081 -2.01052845 -1.35086309 -0.89460982
 -1.77801693 -1.86598781 -1.95143781 -1.30335874 -0.93935279 -1.46511794
 -2.10315416 -1.9032364 ] 0.0010602898796817325 True
[-1.39322121 -2.13172415 -2.17123596 -3.02758931 -3.03785286 -3.27357058
 -2.72522433 -2.98097751 -3.51326952 -4.12379942 -3.4192185  -3.50680286
 -3.90714529 -3.79832814 -4.00332524 -3.28797134 -3.6074988  -3.80886183
 -3.83477797 -4.78331838] 0.0005632522937537383 True
[-2.32910395 -2.4867976  -2.55696666 -2.82206134 -4.99648313 -2.97215595
 -3.58472833 -3.47405236 -3.31383711 -3.30233399 -3.84766326 -4.00116317
 -4.07130957 -3.45667459 -3.4747465  -3.43459773 -3.69749792 -3.28185338
 -2.18590249 -5.52201622] 0.0006517980462056328 True
[-2.38703848 -1.83351935 -2.21089797 -2.15815683 -6.33191774 -3.53521045
 -3.48917609 -3.314101   -2.92970818 -3.42335841 -3.84800832 -2.90475319
 -2.98708406 -3.68709794 -3.88752713 -4.48490112 -3.80835528 -0.74601468
 -3.53386278 -6.71723406] 0.0005302284276401116 True
[-4.29924892 -4.02604882 -4.01895626 -3.16759696 -2.72943487 -3.25090861
 -2.91163795 -3.81788043 -3.99474421 -3.18489034 -2.98677727 -0.6718401
 -3.29239887 -3.92949369 -3.70976943 -1.30202186 -4.73100514 -1.90965255
 -4.14262798 -7.66515169] 0.0009602107331004998 True
[-1.2740297  -1.31208328 -1.10255264 -1.50464265 -1.37464136 -0.72218923
 -1.77357362 -2.43929534 -5.35003236 -4.92185976 -1.69043358 -1.55560552
 -3.48606058 -0.83556976 -3.81876808 -0.31394339 -0.7984308  -1.11511248
 -3.54787758 -0.00913311] 0.0010165481789986928 True
[-1.92048564 -2.44287679 -2.52015733 -3.29093026 -3.05485101 -3.54840524
 -3.65722465 -2.94943649 -6.43371635 -4.13273427 -4.15169798 -4.13423094
 -6.50578105 -3.23935902 -3.75709134 -3.13661481 -3.63060406 -3.96451333
 -4.71854494 -4.18702499] 0.0005602219371684339 True
[-0.73059909 -1.32397116 -0.87865917 -0.80010055 -1.08818213 -4.1182556
 -3.29983886 -2.68218378 -3.69911889 -3.19580991 -3.61188108 -1.21534503
 -4.16425994 -1.63094749 -2.25057854 -1.51786349 -1.19191647 -1.56923105
 -1.59942708 -2.29681321] 0.0008659117635975982 True
[-1.09504519 -1.30912468 -1.68451712 -1.05364745 -1.81917169 -2.55582681
 -5.64246982 -1.97433601 -5.21326413 -4.92756011 -2.52091472 -2.86188319
 -3.00773801 -2.55124594 -3.5399605  -3.0209747  -2.35980796 -2.03811772
 -1.81291842 -2.14057089] 0.0005779926112010806 True
[-1.21166856 -1.01736158 -1.3824237  -1.05239618 -0.88324344  0.15311177
 -3.03584863 -0.92223254 -0.84704486 -0.48027692 -1.42285069 -0.27448204
 -1.5454702  -1.19763741 -1.82710583 -2.23571539 -1.93905762 -2.35906357
 -1.71595193 -4.3046835 ] 0.002204711693396077 True
[-1.0634196  -0.73600696 -1.7911533  -1.96560957 -2.00283016 -1.69369204
 -1.96936802 -2.02397208 -1.83634323 -1.12793423 -1.66517778 -2.07673558
 -2.80123408 -1.76226388 -2.45604645 -2.15719992 -3.22709522 -2.41892844
 -3.13026908 -3.77068861] 0.0014838774741370408 True
[-0.58089213  0.07961949 -0.57431242 -0.99386506 -1.88859044 -1.04756488
 -0.97634602 -1.41235663 -1.31045293 -1.63050529 -2.18700747 -1.51329086
 -2.01060742  0.44161075 -2.86287516 -1.94666525 -1.52726926 -1.48017917
 -1.04318399 -1.43596909] 0.001039242052560637 True
[-0.91699566 -0.30432777 -0.86048045 -1.6225983  -2.24353589 -2.06413688
 -1.63990232 -1.24370564 -2.12405185 -1.89062076 -2.85233781 -2.63095155
 -2.25764062 -1.33375748 -2.40768041 -2.389442   -2.98960329 -2.01507911
 -2.77749409 -2.38441344] 0.0035150167224454244 True
[-0.28371592  0.17953657 -0.06302825 -1.01296897 -0.04416337 -1.05265114
 -1.31043221 -1.26117267 -0.59856206 -0.45456699 -1.4991168  -1.2622823
 -1.67369443 -1.88580541 -1.8748195  -2.215789   -1.10336044 -0.91535979
 -0.94028621 -0.85044035] 0.0012465601124640171 True
[ 6.47311931e-01  3.41822412e-01  3.76413996e-02 -7.42477035e-01
 -1.71484816e-02 -3.63222379e-01 -6.73398835e-01 -8.81587645e-01
 -1.45670370e-01 -5.73645276e-01 -1.26712535e+00 -1.28000072e+00
 -1.94547689e+00 -1.26886061e+00 -1.24437677e+00 -1.24343469e+00
 -3.69199247e-01  2.48307342e-04 -4.68842793e-01 -8.65052917e-01] 0.0005625126919476833 True
[ 0.20710321  0.359541    0.02885074 -0.8426102  -0.65188004 -0.46625948
 -0.87790792 -0.62162782 -0.87738205 -1.10396343 -1.44985464 -1.99934629
 -1.79520428 -1.46506429 -1.41887015 -0.4386717  -0.68094244 -0.49874765
 -0.58927924 -1.60508589] 0.0004236072646889215 True
[ 0.65758352 -0.28264071 -0.23574619 -0.34891041 -0.90680508 -0.64662942
 -1.06104492 -0.86953983 -0.62650901 -1.64537752 -1.45045675 -2.12239002
 -1.67201652 -1.73740659 -1.0488807  -0.30503534 -1.57753075 -0.44932109
 -0.55285171 -1.39546932] 0.0016865698228536205 True
[-0.18983904 -0.62341061 -0.71863279 -0.4707744  -1.29712557 -1.95150613
 -1.60436723 -1.31484706 -0.73433598 -0.70504589 -1.73111315 -1.84370335
 -1.95282161 -2.06096556 -2.05879692 -2.08571337 -1.99897112 -0.86785554
 -1.09703981 -1.15764499] 0.0011374000058970637 True
[ 0.27638632 -0.1373528  -0.01712186 -0.763091   -1.04249377 -0.25465425
 -0.25531179 -0.49546248 -1.11603332 -0.04985243 -0.61566438 -0.06545449
  0.03429824 -0.3006459  -1.46530386 -0.87938264 -1.82258004 -1.52618225
 -1.12989698 -1.74383447] 0.0014181433630978738 True
[ 0.96132032  0.78206267 -0.07743772 -0.14945881 -0.07274519 -0.05803146
  0.72077207  0.55996173 -0.84355966 -0.06857353 -0.30561079  0.0753818
  0.1204984   0.45929423 -0.56128527 -0.16079826 -1.38274373 -0.83739363
 -0.84009546 -1.57289659] 0.003104168296013033 True
[ 1.1438432   0.52394742  0.15106394  0.42538401  0.85423464  0.12446382
  0.17100291  1.1044053   0.47524436  0.58039988 -0.12546162  0.02548383
 -0.56555403 -0.01463815 -0.0315932   0.67054027 -0.4102459  -1.02205287
 -1.01673225 -1.54980533] 0.0010249772008770652 True
[-1.13846945 -1.86656345 -1.85120762 -2.07662105 -1.59839086 -2.09502454
 -1.57459173 -1.49170355 -2.25713439 -1.82743496 -2.02724865 -2.92821416
 -3.17264865 -2.12671459 -2.31106108 -2.09718569 -2.53614247 -3.3650904
 -3.31042999 -3.92522981] 0.0008672993865782578 True
[-2.04594994 -2.84948366 -3.09594214 -2.42910632 -2.3726403  -1.77292002
 -1.43817541 -1.25644896 -2.4576084  -1.77430834 -2.33471791 -2.53242327
 -3.14108564 -2.06678041 -2.8212718  -2.8039893  -2.62551551 -0.04635691
 -0.75759694 -3.47185323] 0.0014475208106752484 True
[-2.03003687 -1.72501452 -2.42511476 -2.28917737 -2.37521423 -1.59995127
 -2.26184173 -2.90830268 -1.91909021 -1.34903938 -1.22615605 -1.13546516
 -1.9920224  -2.00947355 -1.67799544 -1.74238965 -0.85228251 -1.05948004
 -0.53671139 -3.23408783] 0.0009500101551589251 True
[-1.5525077  -2.48049965 -5.71178974 -5.84897353 -2.55853015 -1.62255314
 -2.60705225 -2.46415749 -1.54580877 -1.36645449 -1.42703612 -0.90882096
 -0.67547387 -1.01985451 -1.72563421 -1.63591736 -1.83260809 -2.29230006
 -1.26229114 -4.45981513] 0.0010284620106778 True
[-1.49830307 -2.12143903 -5.03452898 -1.08711546 -1.38175028 -1.29240377
 -1.70984236 -1.8500155  -0.83517652 -0.51518389  0.04964048 -0.35853107
 -0.31047203 -0.03892514 -0.84993338 -0.98860462 -0.70332225 -1.54030076
 -0.92324582 -3.68439528] 0.0006344197237002169 True
[-2.05045607 -1.69583611 -1.93949067 -0.95531423 -1.19937014 -2.06818405
 -1.72108549 -1.60687885 -0.997443   -0.48934025  0.05184718 -0.70395474
 -0.09674327 -0.3832177  -1.21424038 -0.74202905 -1.09238229 -1.3513471
 -1.17531613 -3.50596343] 0.0008849250744720728 True
[-3.42512271 -2.40006854 -1.51442318 -2.74910919 -1.86483883 -1.38638988
 -1.3172917  -1.60446243 -0.31631414 -1.01604156 -0.94553898 -0.4669354
 -1.25768206 -0.16161381 -0.59000528 -0.39327379 -0.73351296 -0.23598394
 -0.05577025 -0.63732382] 0.004181569642352411 True
[-4.56340174 -3.77130968 -3.78497411 -4.47101889 -3.58208521 -4.15854664
 -3.29532147 -2.61812142 -2.33968537 -3.07635    -2.80287955 -3.24804889
 -3.46137436 -2.7121845  -3.16640658 -3.00202618 -3.38400977 -2.93473149
 -2.12282953 -2.48053909] 0.0009583503205629527 True
[-0.95427248 -3.88491854 -1.67216845 -2.09101441 -1.82720343 -2.04958164
 -1.78579602 -1.6415213  -1.58038042 -2.2321698  -2.70416158 -1.79751419
 -1.70573753 -1.34320217 -2.26149155 -2.00710519 -2.56282285 -3.22270054
 -2.89819543 -3.27152352] 0.0005729463620319566 True
[-1.18873047 -3.50125955 -2.76779279 -2.87919833 -2.85503723 -1.9059171
 -2.31348487 -1.9024573  -1.77772941 -2.10438742 -2.02796821 -0.92458245
 -1.29514598 -1.52694545 -2.17542168 -1.24722506 -1.34241896 -1.38120294
 -1.14052013 -1.47783199] 0.0009584594764033473 True
[-0.70793261 -3.46711796 -1.36344357 -4.66723354 -4.89536181 -1.62731436
 -0.93043918 -1.72596592 -1.90738921 -1.35350798 -1.13736564 -1.25294375
 -1.73969297 -1.79956299 -2.6330523  -1.9523615  -1.74321428 -2.46938895
 -2.85830107 -3.31077683] 0.0006645329391561469 True
[-1.25309552 -1.68764502 -1.45370666 -1.91814479 -5.7280941  -3.05802913
 -2.12549996 -1.70258717 -1.98657965 -2.06542392 -1.27392154 -2.03407346
 -2.26651399 -2.00241369 -2.8824187  -2.48740416 -2.29041374 -2.99929671
 -3.78319515 -3.42895143] 0.0011156606558192085 True
[-2.2914503  -2.83997608 -3.07839914 -2.87477987 -6.47305897 -3.83030084
 -4.14104751 -4.37692681 -4.40408541 -3.3772088  -3.64896635 -2.88446167
 -3.18438949 -4.38214773 -3.84773408 -3.85279173 -3.54660643 -1.42680056
 -3.91722598 -4.4420173 ] 0.0011914553974395191 True
[-1.57544552 -1.92957542 -1.33358449 -1.94852481 -5.10923044 -1.44169611
 -0.75685336 -1.53476703 -3.1193131  -1.52420424 -1.61671461 -1.40879842
 -1.58131804 -0.67390287 -0.8291736  -0.66045724 -0.8788843  -0.55117368
 -2.66181447 -2.62094184] 0.001841651295086989 True
[-3.84540476 -4.30919195 -3.2932679  -3.34837083 -2.62198513 -2.89146046
 -2.09523909 -2.58351034 -2.41556374 -2.60327372 -3.46053368 -3.30018042
 -2.23002294 -2.12598136 -2.09816413 -1.59100628 -2.17989878 -2.00543959
 -2.21520367 -2.28218635] 0.0007181452460489513 True
[-2.62205829 -1.9870526  -1.57915557 -2.08493696 -1.80021394 -0.78265454
 -1.39021752 -1.08509374 -1.0831528  -1.55814966 -1.3606213  -3.63643374
 -0.03428491 -0.40764763 -0.55087942 -0.48195306 -1.5274992  -0.89607937
 -1.21786301 -1.72473405] 0.000914957780112145 True
[-1.64421363 -1.89099159 -1.54675601  0.78710838 -2.48712283 -1.53229296
 -1.48371335 -1.07394707 -1.097843   -0.39612378 -0.83538762 -3.19033607
  0.2569073  -0.58513594 -1.34250917 -0.86390182 -1.38140454 -1.14672991
 -1.26130768 -0.64924816] 0.0009376820407790372 True
[-2.63810487 -2.4143561  -2.19676585 -1.67392408 -0.93696373 -1.20017621
 -2.03754677 -1.31816382 -1.37576697 -0.94265573 -0.35151912 -1.16206843
 -0.97822118 -1.12659363 -1.52189156 -1.98298685 -1.03106076 -0.67551601
 -0.61877083 -0.3568915 ] 0.000598083729923289 True
[-3.20561349 -2.38610142 -2.09621045 -1.69478989 -1.44181247 -2.48678042
 -1.69283046 -1.0592775  -0.94719975 -1.18364634 -1.37377653 -0.6137056
 -0.75224967 -1.60126939 -1.03523035 -4.41597409 -1.60733594 -0.80987017
 -0.23139525 -0.43204983] 0.0010791978014472107 True
[-3.95510548 -3.40610206 -3.08268943 -1.95825236 -2.33547833 -2.90416438
 -2.43960903 -2.19034319 -1.61810834 -1.95259451 -1.26848505 -2.07683653
 -2.02321896 -1.4127256  -1.21562298 -1.43389061 -1.44657098 -1.53557167
 -1.59349226 -1.03217931] 0.0005777387671671439 True
[-2.91633734 -2.15681042 -1.40884796 -1.95329512 -1.38899464 -4.2919793
 -0.99269566 -1.19936219 -0.4541949   0.00499174 -1.09245993 -0.70808072
 -0.52133354 -0.6865289  -0.76948161 -1.35696423 -0.79097203 -0.34647222
  0.35311838 -0.17186844] 0.0008896741079775063 True
[-1.85175926 -2.31781593 -1.60405405 -1.65231696 -0.97190436 -1.05653598
 -0.7158017  -0.34991753  0.61479217 -0.35531251 -0.65760329 -1.24812066
 -1.46110953 -0.82674209 -0.39160293 -1.36343094 -0.85596658 -0.25826073
 -0.25579824 -0.42707428] 0.0010063330351394056 True
[ 0.77724533 -1.5801032  -1.19443294 -1.13138822 -0.50607126 -0.76925169
  0.00592995 -0.74655721 -0.6488798   0.21603726  0.16899956 -0.6003294
 -0.54906528 -0.19891089  0.60932559  0.28234896  0.64876078  0.12419444
 -0.55397449 -0.08434153] 0.0010348074193131742 True
[-0.98657071 -1.41634441 -0.68373277 -0.81296099 -0.09775545 -0.23370491
 -0.7855443  -0.47357752  0.56063256  0.29794546  0.41297923  0.84350985
 -0.01549572  0.04676567  0.34054581  0.0614727   0.70509459 -0.0924276
 -0.78622956 -0.93563142] 0.0008472412312858734 True
[-1.88046715 -1.04523764 -1.05203489 -0.23579523  0.09985435 -0.23497639
 -0.53303694 -0.2275038   0.63283405  0.62760602  0.26850058  0.55410481
  0.32329929  0.89065028  0.08297988  0.55254453  1.3968526   0.8326517
  0.81397695  0.47207215] 0.0006285181095967055 True
[-2.22799894 -1.77793376 -1.03650859 -0.25230756 -0.80361119 -1.58957123
 -0.6665639  -0.49792303  0.02846019 -0.03127093 -0.2388647  -0.10483073
  0.2828819   0.75217755  0.07004993 -0.17475896  0.54224771  0.45763896
  0.50742199  0.28498726] 0.0008454275249331202 True
[-2.0454264  -1.26269878 -1.26059791 -0.70801847 -1.02229432 -1.60000561
 -1.41747612 -0.84670048 -0.92568789 -1.63067574 -1.17836492 -0.51009714
 -0.87859257 -0.40464944 -0.24755123 -0.64104044 -0.70462722  0.37192366
  0.47760142  0.98154661] 0.0006678955272217147 True
[-2.93058489 -1.00989105 -0.65650333 -1.66353526 -1.08286279 -1.3601093
 -1.45407139 -0.80814145 -0.98672792 -0.40202221 -1.5513174  -0.48939626
 -0.31211426 -0.77922187  1.90481499  0.07553417 -0.49539512 -0.05749501
  0.41556835  0.92553596] 0.004176558761239936 True
[-1.21263585 -2.09122444 -2.01096284 -1.72523012 -1.79335883 -1.32008312
 -1.6787914  -1.79382657 -4.28521227 -1.67417039 -1.26211073 -0.79546099
 -1.31059278 -0.87943883  2.24159057 -0.02739686 -3.38278211 -0.42491754
  0.53788797  1.16995247] 0.0005955254895332057 True
[-1.3556009  -1.94582265 -2.06738494 -0.87432559 -1.55186464 -0.98327857
 -1.4233377  -1.7566677  -1.6031792  -1.18857449 -1.39472726 -0.16888196
 -0.52848169 -1.00580221  1.4651427  -0.57916299 -3.96347439 -0.26515053
  0.0572992   0.74037956] 0.002560897863968864 True
[-2.09037957 -1.9441555  -1.08008715 -1.02161067 -0.95417323 -0.79897311
 -0.97595675  0.02010782  0.11725799 -0.68797704 -0.50093281  0.0216972
 -0.18097344 -0.62985021  1.92604633 -0.82177719 -3.36620686  0.39171497
 -0.15084688  0.34669958] 0.0007353290605623893 True
[-3.66679588 -3.35592395 -2.45832614 -2.23426812 -2.50713616 -1.96170966
 -2.20100521 -1.45815816 -1.46329774 -2.10786645 -1.77271409 -1.15884823
 -1.09475465 -1.05593966  1.44987984 -1.77353123 -4.17054969 -1.68316421
 -1.28732988 -0.61092031] 0.000571341327424212 True
[-2.8883525  -2.70661743 -1.73114384 -1.26420907 -1.75870041 -1.59879073
 -1.22007556 -1.00354029 -0.14848111 -0.95178047 -0.97590361 -0.86374684
 -0.47116944 -0.22038959  2.34610528 -0.1414508  -0.31105517 -0.94277233
 -0.42702453 -0.05102717] 0.0005586077108663546 True
[-2.14035086 -1.95912305 -0.89610355 -1.13010486 -1.83933077 -0.85201374
 -0.72590316 -0.5613924  -0.09550239 -0.43633178 -0.52916146 -0.6798139
 -0.49717166 -0.04068082  2.06148879 -0.39532926 -0.24724456 -0.02144801
  0.24455816  1.25183454] 0.001173461400202729 True
[-3.14166147 -2.74085954 -2.05978102 -2.80432948 -2.71321827 -2.81928541
 -2.55756835 -2.85379696 -2.05821068 -2.28831253 -2.52848657 -2.42239954
 -1.5743227  -2.10864015  1.3477588  -1.45413133 -1.29048597 -0.82287596
 -0.56121487  0.50232708] 0.0005776993823720827 True
[-4.08662969 -4.44153389 -6.48266858 -3.83361793 -4.39191777 -4.9425963
 -4.79895277 -5.46977852 -4.84363055 -4.30741819 -4.34406942 -3.86514092
 -4.36909822 -4.28716711 -0.30471771 -3.52126749 -4.16281511 -3.44848472
 -3.2924973  -2.6204448 ] 0.0009233847816156769 True
[-3.30371707 -0.80602878 -4.00403271 -4.83187597 -4.76632967 -4.2682066
 -3.7806766  -4.78958908 -4.44604657 -4.07833963 -1.84735254 -1.54432505
 -1.16788508 -3.51788004 -1.26763407 -1.84323959 -1.80921938 -2.18639325
 -2.85164165 -2.46288252] 0.0015930875299598219 True
[-2.57659527 -2.21771624 -1.94782809 -4.11054389 -4.69502663 -4.77688369
 -1.38918048 -1.23325475 -4.35193309 -4.65877234 -2.27346818 -1.96368071
 -2.22321973 -2.78334241 -1.87164958 -1.78618577 -2.10782803 -3.07147344
 -2.94890799 -3.12424522] 0.0005373149364487534 True
[-1.82559664 -0.9427482  -1.50171407 -4.07687553 -1.59327235 -0.86423393
 -1.45010134 -0.84569871 -1.09406812  0.20014214  0.06713749 -0.57471434
 -1.49798637 -1.22283532 -1.92580963 -1.99062235 -2.24886699 -2.19185732
 -1.74178484 -2.37121749] 0.0031303471289689955 True
[-0.61540909 -0.37371252 -0.34077833 -1.39218183 -1.11033513 -0.14460305
 -0.17692521 -0.02481774 -0.05625223  0.53170645 -0.33723766 -0.73717406
 -0.97999509 -1.83266589 -1.61275653 -0.54465846 -1.10314089 -0.93458822
 -1.77070971 -1.4557481 ] 0.0021131557553042773 True
[-1.11696087 -0.94377166 -0.27597722 -0.3502398  -0.35049959 -0.10283567
  0.75737188  0.44217014 -0.3270136  -0.31057609 -1.13179263 -0.60243459
 -0.7458035  -1.08101769 -0.22071876 -0.46425405 -1.44771219 -1.38290051
 -1.71340615 -1.65176173] 0.0006377763810077674 True
[-0.81256101 -0.83431009 -0.73575968 -0.59163327 -0.33218302 -0.34663066
 -0.84710965  0.41397394  0.59069866  0.50390968 -0.31489603 -0.80207163
 -1.33923447 -1.28596992 -0.72160155 -1.03796429 -1.63616329 -1.67763845
 -1.96367574 -1.1559202 ] 0.0018818087908155639 True
[-0.5211532  -0.74928909 -0.2559781  -0.63429102 -0.45722487  0.20904509
 -0.36648422 -0.15428822  0.79041349  0.83351227 -0.00233113 -0.62043309
 -0.7194282  -1.52705143 -0.61936445 -1.11344599 -1.54511936 -1.26150714
 -0.93171607 -1.63765743] 0.0009969324022318605 True
[-0.53305993 -1.04935994 -0.8328848  -0.63026123 -0.45625772 -0.27867037
 -0.63741108 -0.60060629  0.61306111  0.38143251  0.23443044 -0.42955012
 -1.0326949  -1.31756057 -1.4084076  -0.86927146 -1.45275025 -1.82634631
 -1.52060011 -1.46391533] 0.00042350618631601864 True
[ 0.10909789 -0.4073176  -0.19068228  0.01171893  0.18596786  0.36359616
  0.0048071   0.04132748  1.25508895  1.02366284  0.8769049   0.21266709
 -0.39066235 -0.67523531 -0.76619189 -0.22710878 -0.8106702  -1.18431838
 -0.87837816 -0.8217852 ] 0.0004234993833474462 True
[-0.14053101 -0.6154113  -0.43208596 -0.14651646 -0.10333345  0.23263579
 -0.35876102 -0.07214669  1.09803687  0.62724988  0.84104899 -0.09795368
 -0.38865041 -1.01906757 -0.90498166 -0.62535261 -0.94157483 -1.51337921
 -1.04807683 -1.06962346] 0.0005783589648615999 True
[-0.40180684 -0.88928784 -0.67996371 -0.44167183 -0.31310817 -0.11020962
 -0.57847412 -0.40296919  0.88769977  0.39293458  0.57087377 -0.21837735
 -0.702158   -1.2202465  -1.20513974 -0.87441137 -1.2027393  -1.77429353
 -1.31844903 -1.33165127] 0.0005867758507102654 True
[-1.60324286 -2.25241937 -2.274203   -1.6512804  -1.61801829 -2.12520381
 -1.25494813 -1.55213511 -1.17033548 -0.76420412 -0.71285076 -1.98967738
 -1.92687885 -2.65074662 -2.21396129 -2.50277494 -2.6024514  -2.66642109
 -3.05983186 -2.51665196] 0.0007131705981411098 True
[-0.25144012 -0.50442146 -1.28830467 -1.31791401 -0.76176646 -1.28544871
 -1.15958343 -1.2182226  -1.84455499 -1.11732729 -0.31427041 -0.98373866
 -0.87463547 -1.27792168 -1.3503034  -2.21760709 -2.45868657 -2.69063671
 -1.68811071 -2.13738725] 0.0009044901564527859 True
[-1.36705851 -0.79772077 -1.41904816 -0.88165741 -0.86071474 -1.43702708
 -1.69992442 -1.31670777 -1.75166101 -1.05992307 -0.36731485 -1.41758632
 -1.89458752 -1.99460947 -1.86476922 -2.25128838 -2.05736325 -2.61837781
 -3.02555359 -3.77750446] 0.0007539071779938288 True
[-1.33360059 -2.0086708  -2.58298521 -1.86977902 -2.19620317 -1.94571575
 -1.62019142 -1.65631454 -1.88748386 -1.42461303 -1.73879276 -1.43405653
 -1.63303143 -3.76167853 -0.69855719 -1.11056492 -1.09642674 -0.17706742
 -0.09130427 -2.42319026] 0.0005778551681560279 True
[-1.39028751 -2.2826835  -1.79116457 -1.99067515 -4.19330455 -1.21101876
 -0.77186213 -1.38570775 -1.35725283 -1.59415519 -1.66216208 -1.02021297
 -2.00609168 -1.62097521 -0.71805878 -0.53094408 -0.25518014  0.13515481
 -0.17945054 -0.91613202] 0.0010343243649215865 True
[ 0.03419143 -0.45224657 -0.39104903 -0.46521174 -1.52959235 -1.42322514
 -1.38699669 -0.85931817 -0.72972631  0.09621036 -0.40724551 -0.43434423
 -1.4706856  -1.29183973 -0.30727777 -0.37219952  0.09327447  0.22604896
  0.4256668   0.47596075] 0.0016397497340990377 True
[-1.45195195 -2.09948604 -2.1176295  -3.07628379 -3.05054632 -2.78962695
 -2.25686614 -2.50749795 -3.39345848 -3.21887215 -2.34989154 -3.00080132
 -5.96282927 -5.09704197 -2.21954332 -1.87754253 -1.66985886 -2.26423612
 -1.42654637 -1.18049063] 0.0009732298640619877 True
[-3.21376486 -3.59895377 -2.97600951 -2.78615968 -3.181655   -3.31624648
 -3.74551846 -1.51378843 -4.16971994 -3.99949273 -3.95797316 -5.06244295
 -8.3301828  -4.51537806 -4.49529139 -3.65267571 -3.49688904 -3.83447949
 -4.0894635  -4.14821781] 0.000897410517957291 True
[-3.03675565 -3.48491098 -3.64487956 -3.89429642 -3.12959532 -3.55779306
 -2.6602034  -3.59815202 -3.13847528 -2.22019276 -2.84974942 -2.96423575
 -4.0719174  -5.99226949 -3.51135614 -5.68061711 -2.67870449 -1.43634485
 -2.05903392 -1.76922482] 0.00441670198260414 True
[-2.07192587 -2.28748744 -2.81383327 -2.50715414 -2.66841657 -2.2624154
 -2.7310644  -1.93575305 -1.35569927 -1.49882595 -2.63712563 -5.05854331
 -1.92375907 -5.48738399 -1.94821646 -5.008683   -1.04719191 -0.53275617
 -0.56254356 -1.2139684 ] 0.0008891150612252155 True
[-6.51881553e-01 -5.89335471e-01 -3.49656045e-01  5.12689076e-04
 -6.62548091e-01 -9.19084083e-01 -1.09128254e+00 -2.45340348e+00
 -1.67437503e+00 -1.03854524e+00 -4.06127194e-01 -4.12380051e+00
 -7.31687548e-01 -3.01449962e+00 -3.11616334e-01 -2.38005780e+00
  2.22323336e-01  4.76819738e-01  4.94341103e-01 -1.94849536e-01] 0.002545981893828177 True
                        fun: 0.0004234993833474462
 lowest_optimization_result:       fun: 0.0004234993833474462
 hess_inv: array([[ 6.80050602,  5.77806039, -0.15208263,  8.04548241,  2.28183913,
         6.63158029,  3.14399303,  2.70941218, -0.09103337,  6.25213966,
         0.82256437,  1.48526772,  4.43361218, -0.73101217,  8.10506504,
         6.69010206,  2.95872849,  4.38868551,  2.97079162,  6.44688506],
       [ 5.77806039, 18.90012666,  2.80945299, 16.83337508,  2.37013562,
        15.21833143, 12.17069323, 11.75020908, -0.41772363, 14.66875643,
         3.82003938,  3.15267369, 11.21799362,  4.58727807, 18.83114312,
         4.51597151,  3.66035746, 16.68389448,  6.46240784, 10.93627453],
       [-0.15208263,  2.80945299,  3.58038123,  2.65625265, -0.8773264 ,
         0.56828886,  2.66836883,  2.96179045,  1.58675387,  1.0304826 ,
        -1.3445567 ,  0.18319273,  3.07538509,  1.46789078,  0.374375  ,
        -0.42948247,  1.30169589,  3.81893344,  2.29804982,  0.22667209],
       [ 8.04548241, 16.83337508,  2.65625265, 20.05842589,  1.27644241,
        16.69275933, 11.46143752, 10.74823145,  0.1636566 , 16.59127064,
         2.35657834,  2.97147975, 13.00827952,  1.25085645, 19.02097311,
         9.19253419,  4.56150084, 15.62993843,  7.91529382, 11.44776134],
       [ 2.28183913,  2.37013562, -0.8773264 ,  1.27644241,  5.63951206,
        -0.3969739 ,  0.20811036,  1.42187123,  2.11611571,  0.70377757,
         1.22144358,  2.98150029,  0.52550643,  0.90180183,  2.31426932,
         1.72591953,  2.56316901,  0.97175297, -1.13667459,  4.05791128],
       [ 6.63158029, 15.21833143,  0.56828886, 16.69275933, -0.3969739 ,
        19.32820498, 11.00393864,  7.43799236, -4.30798086, 16.36291646,
         6.17844924,  1.37437058,  9.70054172,  2.67785671, 19.90223074,
         7.22555687,  1.39789787, 13.07480109,  7.18524523,  9.89525088],
       [ 3.14399303, 12.17069323,  2.66836883, 11.46143752,  0.20811036,
        11.00393864, 11.29341863,  8.1312859 , -0.08219047, 12.93826927,
         3.39102412,  2.72139067,  9.00182308,  3.16349451, 13.40245542,
         2.99452398,  1.52921594, 12.21332873,  5.49779735,  6.2840991 ],
       [ 2.70941218, 11.75020908,  2.96179045, 10.74823145,  1.42187123,
         7.43799236,  8.1312859 , 11.68861093,  3.83861602,  7.79653661,
         0.09721934,  2.63892506,  8.94817685,  3.22270272,  9.06430675,
         1.68236361,  3.88806709, 11.62604633,  3.92020593,  6.37193608],
       [-0.09103337, -0.41772363,  1.58675387,  0.1636566 ,  2.11611571,
        -4.30798086, -0.08219047,  3.83861602,  6.44831686, -1.13342641,
        -2.17403637,  2.66660934,  2.31016431, -0.2054009 , -3.58563543,
         0.2551637 ,  2.99202297,  0.67540139, -0.57934857,  0.32216068],
       [ 6.25213966, 14.66875643,  1.0304826 , 16.59127064,  0.70377757,
        16.36291646, 12.93826927,  7.79653661, -1.13342641, 19.68363853,
         6.3858633 ,  4.3468084 , 11.50425289,  1.43390445, 19.48853615,
         7.95748231,  1.96573646, 13.68375654,  6.72285779,  9.61169373],
       [ 0.82256437,  3.82003938, -1.3445567 ,  2.35657834,  1.22144358,
         6.17844924,  3.39102412,  0.09721934, -2.17403637,  6.3858633 ,
         6.79079676,  2.22051061,  1.12138625,  2.34328177,  6.7071624 ,
         1.10018155, -0.89538199,  2.19685963,  0.64015946,  2.78530713],
       [ 1.48526772,  3.15267369,  0.18319273,  2.97147975,  2.98150029,
         1.37437058,  2.72139067,  2.63892506,  2.66660934,  4.3468084 ,
         2.22051061,  3.58337384,  3.00194329,  0.76694822,  3.39666332,
         1.85978215,  1.72609753,  2.70169323,  0.37824102,  2.97051702],
       [ 4.43361218, 11.21799362,  3.07538509, 13.00827952,  0.52550643,
         9.70054172,  9.00182308,  8.94817685,  2.31016431, 11.50425289,
         1.12138625,  3.00194329, 10.2102965 ,  1.47204744, 11.36997881,
         5.10149926,  3.39020835, 11.28101839,  5.38100308,  6.78924677],
       [-0.73101217,  4.58727807,  1.46789078,  1.25085645,  0.90180183,
         2.67785671,  3.16349451,  3.22270272, -0.2054009 ,  1.43390445,
         2.34328177,  0.76694822,  1.47204744,  4.11512115,  3.10136671,
        -2.27528514,  0.26917232,  3.76738281,  0.77175481,  1.46227441],
       [ 8.10506504, 18.83114312,  0.374375  , 19.02097311,  2.31426932,
        19.90223074, 13.40245542,  9.06430675, -3.58563543, 19.48853615,
         6.7071624 ,  3.39666332, 11.36997881,  3.10136671, 23.91219352,
         8.33871885,  2.46497101, 16.06010047,  7.25491844, 12.49886738],
       [ 6.69010206,  4.51597151, -0.42948247,  9.19253419,  1.72591953,
         7.22555687,  2.99452398,  1.68236361,  0.2551637 ,  7.95748231,
         1.10018155,  1.85978215,  5.10149926, -2.27528514,  8.33871885,
         8.72786781,  2.993144  ,  3.85665481,  3.28882563,  6.01153   ],
       [ 2.95872849,  3.66035746,  1.30169589,  4.56150084,  2.56316901,
         1.39789787,  1.52921594,  3.88806709,  2.99202297,  1.96573646,
        -0.89538199,  1.72609753,  3.39020835,  0.26917232,  2.46497101,
         2.993144  ,  3.6153918 ,  3.49950238,  1.23427734,  3.71361456],
       [ 4.38868551, 16.68389448,  3.81893344, 15.62993843,  0.97175297,
        13.07480109, 12.21332873, 11.62604633,  0.67540139, 13.68375654,
         2.19685963,  2.70169323, 11.28101839,  3.76738281, 16.06010047,
         3.85665481,  3.49950238, 16.2815854 ,  6.75052942,  8.89280913],
       [ 2.97079162,  6.46240784,  2.29804982,  7.91529382, -1.13667459,
         7.18524523,  5.49779735,  3.92020593, -0.57934857,  6.72285779,
         0.64015946,  0.37824102,  5.38100308,  0.77175481,  7.25491844,
         3.28882563,  1.23427734,  6.75052942,  4.75127356,  3.75084917],
       [ 6.44688506, 10.93627453,  0.22667209, 11.44776134,  4.05791128,
         9.89525088,  6.2840991 ,  6.37193608,  0.32216068,  9.61169373,
         2.78530713,  2.97051702,  6.78924677,  1.46227441, 12.49886738,
         6.01153   ,  3.71361456,  8.89280913,  3.75084917,  9.70230664]])
      jac: array([-5.69211625e-06,  5.53979226e-05, -6.19349557e-05, -2.10631624e-05,
        1.14772640e-04, -6.78980468e-05, -2.73898186e-05,  4.40875301e-05,
       -4.56044909e-05,  4.21280820e-05,  6.82619830e-05, -1.36992243e-04,
        9.94949805e-05,  9.36190190e-07, -5.95685087e-05,  3.38092141e-05,
       -2.14594584e-05, -2.46686177e-05,  9.99844378e-05, -6.00753483e-05])
  message: 'Desired error not necessarily achieved due to precision loss.'
     nfev: 6417
      nit: 267
     njev: 305
   status: 2
  success: False
        x: array([ 0.10909789, -0.4073176 , -0.19068228,  0.01171893,  0.18596786,
        0.36359616,  0.0048071 ,  0.04132748,  1.25508895,  1.02366284,
        0.8769049 ,  0.21266709, -0.39066235, -0.67523531, -0.76619189,
       -0.22710878, -0.8106702 , -1.18431838, -0.87837816, -0.8217852 ])
                    message: ['requested number of basinhopping iterations completed successfully']
      minimization_failures: 101
                       nfev: 1631139
                        nit: 100
                       njev: 77617
                          x: array([ 0.10909789, -0.4073176 , -0.19068228,  0.01171893,  0.18596786,
        0.36359616,  0.0048071 ,  0.04132748,  1.25508895,  1.02366284,
        0.8769049 ,  0.21266709, -0.39066235, -0.67523531, -0.76619189,
       -0.22710878, -0.8106702 , -1.18431838, -0.87837816, -0.8217852 ])

Process finished with exit code 0
